48,49
48,48
48,47
48,46
48,45
48,44
48,43
48,42
48,41
48,40
48,39
48,38
48,37
48,36
48,35
66,4
66,3
66,2
66,1
66,0
65,3
65,2
65,1
65,0
64,3
64,2
64,1
64,0
63,4
63,3
63,2
0,530
63,1
63,0
62,4
0,529
62,3
62,2
62,1
62,0
0,528
0,527
0,273
0,270
61,4
61,3
61,2
0,526
61,1
61,0
60,4
60,3
60,2
60,1
60,0
59,4
0,525
59,3
59,2
59,1
59,0
0,524
0,472
58,4
58,3
58,2
58,1
58,0
57,4
57,3
57,2
57,1
57,0
56,3
56,2
56,1
56,0
55,4
55,3
55,2
55,1
55,0
54,3
54,2
54,1
54,0
53,3
53,2
53,1
53,0
52,5
52,4
52,3
52,2
52,1
52,0
51,3
51,2
51,1
51,0
50,4
50,3
50,2
50,1
50,0
49,3
49,2
49,1
49,0
10,243
10,249
10,165
10,207
10,205
10,167
10,271
10,2
10,3
11,17
11,15
11,7
11,9
11,11
11,2
11,3
9,5
9,1
